715454
273980
92496
679885
452470
442102
871805
788089
239293
184137
898181
126613
881116
782923
622160
786221
675294
883049
748400
631254
442422
909329
486285
381043
556369
504720
212462
392645
295044
572066
614679
715323
403085
874866
62146
505155
244449
833752
44051
201649
129715
735303
906235
607158
799959
832854
28577
801366
516943
933706
711200
905761
848413
631155
469879
701824
600565
300643
494580
984787
795003
972287
805323
765567
448373
451713
323074
59512
861308
804886
947832
753310
369707
182529
307312
739128
283213
458362
320918
292775
537596
485398
837640
314199
283093
828362
511358
115502
435135
40585
244524
835942
526340
415797
30312
199881
982721
381959
695251
150534
390489
523426
321650
593395
966446
813865
965731
205648
937159
224309
753770
434982
995049
447537
512668
540869
476646
939867
401713
651279
796108
993358
9379
560861
979482
205062
824942
243266
770006
980748
253347
955568
41445
264907
433463
124613
720182
398528
186677
428490
120631
329046
594889
601744
169515
356525
818409
195525
401020
853672
920182
330551
870127
651838
328494
928520
183550
219283
661063
813316
594271
535968
501247
868789
38039
362309
895114
83613
143539
614170
305167
861658
359070
821622
8757
441795
819324
215780
537509
622348
820035
253603
333310
703128
4168
485627
662138
552859
875218
182565
762452
959443
735999
919431
112102
114616
171189
771750
151187
110124
742902
978580
195394
712855
203947
930322
644154
320900
810563
669625
59556
367823
383877
620743
674222
680393
527543
288906
462193
475840
866558
604213
906544
390608
563970
417055
762501
385567
42235
409570
439921
454811
363185
580539
494633
610591
316053
997587
89114
665283
814933
531421
562925
216508
684905
148453
442487
146669
630434
569444
53354
463387
652976
566073
996898
798105
559343
847514
139827
869510
141922
55692
289200
73425
324396
174341
48967
309847
960541
919155
538448
495727
96456
44693
305206
469852
179134
51587
631665
692491
274972
341590
947888
808492
871197
812151
887137
200127
405221
281930
89671
483424
137096
390415
509066
864377
136470
363275
318610
859054
919771
93363
734482
906144
180710
326835
198147
295285
372559
529285
559954
182343
511448
158842
852097
762984
187385
256611
453890
667259
956192
694168
302959
817062
953637
893394
309556
497615
983111
406555
235708
734843
288815
915322
486263
374498
422229
560274
68673
667108
500222
370824
915976
841877
707056
411041
768206
221064
741343
321525
48906
740507
425134
198307
939879
825262
979211
334060
66030
956857
499590
178492
493542
871211
366941
995261
342558
898791
873437
876754
413720
420670
259212
437156
975941
408940
257956
670383
575787
229209
773053
902628
472194
102256
516067
649496
225277
781732
297192
902852
805681
352536
554243
615562
388730
188725
466771
865812
480142
699718
38492
778113
885537
943924
356003
361853
166540
732982
282422
952345
276445
513290
242289
130042
959424
822971
885622
780005
209910
755787
522759
717189
359029
855019
520923
556498
458272
867708
393630
183391
381641
126570
85040
490837
386090
95418
3984
334814
29961
912601
854122
494617
581346
206799
277587
156685
218210
546107
470840
313958
691006
364934
973227
79061
509243
596855
202345
16501
47641
910119
752745
900910
826770
809084
657995
742055
113004
406165
111088
221453
607640
17221
54336
533759
313254
507574
766912
129360
784308
297154
202405
811298
402031
990894
870426
20734
790288
967396
247374
943178
862495
596030
311124
485524
313383
217828
466964
738272
232324
389918
9740
292815
185229
677074
712875
451601
188652
996487
266834
845397
345185
347772
814666
700325
671899
119474
337340
399649
885726
479324
537605
527392
297408
180899
824190
652097
284915
734992
293973
286144
688162
354843
459570
210473
604071
537689
429465
450025
182031
294576
669515
256123
834399
782611
965026
259317
331909
246589
447011
731720
135668
988994
192671
606175
743207
68926
606517
637624
452690
124042
459299
94029
503784
561595
998914
709047
808135
392061
115727
716936
738411
426109
981215
787111
859342
806650
586589
215339
177342
55505
936633
554635
21856
266564
959197
459186
608092
625182
47534
534814
895606
390286
358682
930244
119203
947256
951600
696860
989212
952176
93191
602107
512304
208200
183587
587975
220366
598238
941635
666816
720680
226757
962177
526883
657019
960588
526123
82162
428680
798276
922075
216048
13082
590821
250700
468762
693337
259063
223564
462315
38509
479313
7349
290049
136331
19634
961513
827396
505256
968457
39976
501250
381181
139963
904790
893380
380724
309312
151188
960323
583470
604973
926383
257197
995719
855358
318797
147637
923911
647318
200726
421491
171296
64771
466074
810093
991995
259226
74427
864216
211551
84631
222525
507066
396760
545126
90987
195671
572768
198294
997109
830293
172688
499768
751553
722266
575693
144254
854442
932722
947986
511059
258102
613314
217492
743478
726941
899695
163821
426675
183607
851012
257060
937178
899505
603301
402891
504385
149058
245500
873754
423884
318823
935812
812758
780748
172087
290893
876502
203089
652494
340910
770271
688235
372657
516817
306310
427314
192844
404297
755648
697412
584397
214597
409126
530814
644989
864413
62424
630556
475659
948599
876550
281738
255077
331437
439649
808597
279133
733268
423204
68054
720953
782602
510398
42444
778084
312396
132617
363339
326702
926636
86772
325887
55255
698558
600476
922245
533906
305298
601332
637914
681807
478908
506994
918760
998095
998991
250910
523771
384412
82691
448585
308156
505192
290555
430486
108442
697283
423836
565660
356604
921249
930870
684346
813902
733068
384006
665322
406595
146596
406746
186998
593400
332062
377758
318467
214113
829074
870828
507005
599554
174869
456813
436510
460392
198164
151450
40855
867709
63084
944216
329717
699079
99186
950420
809294
116549
730423
913215
336077
445671
534543
141426
705957
271323
314451
555712
830627
124079
919874
703728
557786
164040
678174
168561
529303
668337
640497
315608
88488
379897
386691
576950
618915
451001
204523
27605
145350
571687
628110
63134
164547
596842
844068
141328
41365
919725
50622
701323
880208
914084
42769
165859
646126
348693
754177
161729
495351
553450
104665
508985
727797
679068
539082
681715
372752
654185
12018
383431
918877
597896
594278
780705
983502
316060
622843
966792
582573
880154
756576
235618
515944
690539
690284
223993
548906
378376
983889
368263
55386
40509
403321
364535
729863
573224
780389
516744
6824
744936
656461
458702
914464
68292
669844
427919
142229
383320
161002
130945
705010
457731
533874
84768
191410
712417
752623
239198
129343
576404
538862
981743
434594
753604
689005
282401
852839
817325
227095
556555
224909
546893
194764
807637
916796
842323
669727
255302
844118
844530
324067
154239
357383
598121
391654
298184
984921
884896
70073
695645
344083
78902
412640
681076
823322
636069
111642
400964
121087
962175
382124
554633
126766
673973
163517
618839
838913
759792
399965
589552
487694
697593
293865
130990
842998
671384
313535
424387
734119
915080
