388743
707068
665953
236304
590098
93897
297127
349061
254432
901164
625265
885717
344278
660099
733667
627424
467234
230451
281410
195187
742698
369613
739936
108491
960013
130483
259720
265618
490953
803832
918966
493299
304705
796153
233538
23413
51439
221253
102071
19567
900731
115384
527423
352478
194748
353432
633565
151707
77313
382347
133096
326546
150561
345282
674932
861455
205387
654685
43409
637467
63503
534418
723016
403
733315
839886
373857
570436
515886
216753
574849
397993
619596
797056
34683
50781
993436
159042
170748
511135
68991
525078
941653
508906
906264
18742
237295
578584
448480
643480
562516
460750
56020
115257
410809
345099
392891
593889
989235
313333
115306
914319
921972
267581
132105
321371
543015
702119
873565
547207
432816
368930
880342
217302
718833
960412
905401
929178
268653
501421
200358
247255
935323
313774
697353
345735
413097
496325
100318
14785
284152
571978
46861
15032
43351
449901
597065
524694
918306
415944
373916
928240
274172
434432
371549
826251
47859
178782
865086
878207
335986
791630
849532
759468
608288
119660
576964
373417
571753
599236
169094
354548
346713
775455
569304
146991
994914
711585
666941
438174
883538
611591
426037
454509
178741
640163
326165
180782
837947
225456
804018
69830
528688
144051
83842
114330
475689
220889
621839
201456
459233
719338
916087
823219
540516
202047
734800
910580
721063
312218
158970
500363
781450
757360
491169
610470
950698
136245
553592
922167
857530
432897
438682
814299
250656
899591
50676
424926
723886
678310
963248
742291
908738
350960
410724
420626
535650
902966
618285
107070
50187
859210
83458
842623
705638
633210
350423
689632
167751
38433
830355
747067
424618
15240
739991
769082
112544
549411
592182
200846
596372
669293
890917
602064
790493
11104
781632
72521
996294
615457
824534
189989
787216
100859
391084
19173
402655
733702
98948
293510
394129
868858
438782
449597
639292
461275
74867
598079
720567
387002
954945
467807
718781
146244
644748
330213
607132
189054
234616
661689
787508
52979
262930
813152
428878
49643
802558
421342
916673
336686
743854
902787
789456
185979
671091
75211
239260
70088
750457
804065
838971
243364
873947
56607
962132
415583
422710
267781
416841
187900
756396
838753
750825
271091
898845
81447
101154
379349
840662
509095
265540
172384
976586
978848
661706
496094
403371
501534
712548
266940
984125
238759
235057
314861
957870
337049
509420
540788
402735
298959
583974
612242
95432
997885
229676
413772
285750
611549
239024
325608
617368
731671
549916
68376
535205
743069
3932
9083
492315
523554
538639
444633
537954
80085
898708
417411
150260
494742
429170
272937
108400
293264
328252
385667
575186
547611
672663
867692
885742
808884
525847
972858
879061
754987
439561
227495
69771
122600
392058
572596
217042
852349
612012
768215
898405
619574
993522
545668
815013
292995
832580
97674
911802
857528
472682
415397
483548
160281
473979
935819
557434
95173
640940
703320
281716
374448
394579
677586
307989
519098
845790
916103
75361
689101
449899
758733
117965
47814
550514
733593
638097
807232
954900
235160
957171
739091
455204
406728
471829
65648
985015
537387
661501
999737
602378
120173
123729
44487
764126
627004
838629
198151
346564
114740
20627
663563
639687
241702
491037
302087
151423
190485
819520
568403
758720
172129
177415
912519
496708
703154
67864
235384
919082
499843
572343
693727
510921
7856
394644
65177
755937
233467
438816
385197
691625
560170
128413
965877
505101
550958
889681
537227
64411
8522
275713
448694
322139
733792
243300
392100
732623
938939
917494
26386
988296
123593
898340
265136
966560
36676
759690
666167
464598
349432
454199
311883
143075
603487
804922
128960
863117
572246
931706
188658
669464
590830
288371
582864
792803
620688
384797
282296
287247
221318
575637
888560
731158
464726
652946
663137
558978
541477
537122
853480
161270
778395
958779
441901
242970
580970
512625
417496
366215
87584
817916
142384
196983
609944
522772
527673
225232
231593
553203
109225
630414
474724
603534
200186
403729
484971
982546
951353
863140
249446
723179
545959
658045
536285
623556
786188
755880
52403
39011
671736
614621
96257
860629
63782
266174
684342
172927
912030
448283
283065
62247
996003
762413
442021
9700
879822
245705
441322
542218
675049
480159
219782
103710
349300
25097
607370
718681
894953
323289
148777
950344
725656
298553
667208
807411
706607
122780
370476
431072
119965
56750
541298
126169
906094
471939
966098
229464
30849
545837
881911
714346
282427
38360
613729
511921
925794
143631
319521
63617
77600
434974
842974
188278
276420
248874
835164
542885
888349
158555
828998
866538
523966
810923
335181
767178
79463
310762
129051
734494
652075
395154
596687
681506
487275
390719
345575
481444
919853
903932
919365
227382
495894
468381
747731
295821
361703
182314
787402
823233
792797
47753
651386
290424
138443
62288
986683
453214
146747
447790
272816
43952
611486
477724
765366
297823
286444
552784
625391
472574
644129
38187
524300
520750
190183
608318
902095
324219
277696
212322
141912
42696
187597
392218
574621
855294
900018
359422
408185
537156
508711
972467
680131
758636
251242
939861
562310
551167
20826
785720
411279
294574
46268
620185
491907
298175
860336
966783
208434
108623
387484
200184
137641
946626
268060
137672
658889
235969
926474
115994
173511
281960
359453
351032
120881
591445
287786
556901
137723
57381
230114
441090
263698
991322
544300
773578
400611
151583
421859
391049
213443
273660
274896
284761
960407
670481
296486
102429
822861
428194
806483
225945
528321
997339
202300
566665
506515
258970
327539
833588
501161
617592
979117
202271
373837
173404
588000
853148
432254
666752
360050
779132
840432
168819
696735
789078
610867
194979
514990
363558
617364
884924
796415
280854
941151
512948
710607
377983
527681
924177
973910
571529
201652
332511
405377
115125
962571
169403
611941
99767
55836
22966
88476
328020
842750
166907
376197
84389
919862
504962
221790
48514
593622
976549
538261
893757
179644
943312
580844
64517
133203
953855
829382
745245
126176
626164
972976
322514
168748
631135
56579
970361
609360
601280
497085
278076
369677
387096
732193
468195
297890
675049
642773
270259
180533
936152
423275
252077
476564
150884
139397
619452
345453
369519
178212
359206
692961
577980
407861
396097
777987
44824
121989
439009
845798
967985
538504
439278
129014
766351
551314
572474
569952
308355
894171
418237
511630
939030
602165
548030
557616
899189
679554
405291
70458
978340
632763
674888
151494
724008
252982
822961
968929
732825
414846
499038
250690
322158
55802
231967
518164
826567
700671
839321
87160
758553
915712
939729
902422
28418
31744
890986
498351
719616
613573
737134
622257
302758
738251
603289
79445
582138
297246
644243
47284
292584
72473
781581
830068
106348
320515
256681
101329
69964
628066
954368
264373
310812
437180
928931
506311
199090
458258
242104
599258
598732
844792
185268
123231
829076
924165
398745
790456
953640
929574
859819
802368
812450
49930
142919
57758
9773
615792
464193
826477
726188
359063
957988
834411
287902
244176
40668
563228
858789
74859
388586
819201
324873
893181
364731
790855
950085
228682
849600
763790
392337
142586
127241
43393
679504
601380
182373
904212
159532
335540
134351
528936
379483
485705
654730
423612
989458
531441
970967
612537
709754
491232
563357
75451
698686
934818
860493
481438
196687
369311
762702
589933
854339
678056
217313
755651
273659
135396
785058
899530
354615
37255
882420
603713
461015
153503
839119
692470
258806
531734
148603
967660
667098
802156
437866
367340
684658
717558
306573
289798
622028
886006
561153
794631
17042
796210
710822
833927
201248
343878
961853
16403
754247
78218
194139
93053
765632
464663
779555
828229
296250
712545
161909
372935
493155
675680
805912
562237
123211
522428
915284
75767
688474
76932
554007
680132
780657
970113
137186
791282
172370
436978
157672
824489
526363
367259
485125
342456
234856
342912
123271
465291
254851
277800
787071
967760
116886
392610
871144
176183
779326
976780
529174
993701
418809
564178
545848
881171
251189
88432
846922
959469
915328
212659
431505
895227
745911
386658
62248
580512
744689
92399
694762
179890
894374
478468
712509
723818
479408
328914
144153
291756
539601
825634
317907
979291
23509
198063
859108
589652
233386
69040
179694
408105
834986
710679
50761
123269
784507
818189
698754
928388
463617
653587
928395
313164
751133
612710
740448
170755
766570
683041
393608
174072
653882
88331
972633
436453
868184
987576
883586
848558
526499
42959
889160
109819
577760
28842
629556
256488
319770
114860
547104
462947
223809
343693
582727
366788
579994
897419
540414
711141
148892
445006
3403
174641
185520
812011
717891
777375
152160
634243
274431
640671
349841
359880
211678
211556
375058
213345
162422
416171
842163
223791
242731
301050
604800
148986
242499
681050
467313
151958
470447
30396
887323
3470
838554
37779
746219
609236
253225
294944
658565
397922
25972
729015
519472
933860
494199
226615
65679
9335
328316
956816
778745
279056
166410
847831
371714
939427
798865
845201
965198
358413
314383
294076
709217
246176
119709
472406
634288
527642
73262
457415
607024
13515
360886
854154
625129
899224
472689
519039
181025
636043
125453
228474
204483
712123
158738
537037
248969
383108
424576
491699
406831
329046
642469
980630
251656
801783
81442
464390
522659
355157
254335
727946
284611
351877
590888
280663
879889
263978
574459
532412
426091
747017
197473
761485
446003
166457
22664
263312
521152
203211
998964
549194
135453
726756
606120
640615
170665
190243
869265
468659
283743
443055
219674
756847
58396
157232
815988
438101
602359
698762
343658
828732
499381
869334
512030
144689
544129
41360
816498
270792
200333
335250
307
679304
385816
171833
662395
616620
795953
844204
813857
307321
642579
320294
555619
896816
88692
146380
611335
641862
206302
264581
90632
277192
162364
478856
311880
409064
771444
504059
472395
347801
315805
817609
537729
886636
911995
785294
710290
697924
272713
480053
397820
353371
352903
644658
4184
538871
243289
52355
625535
65941
746865
702022
581990
514568
523467
432286
71731
748274
623718
908615
31937
970025
361718
144282
442754
910653
960014
545408
744745
926825
996754
30356
763647
604706
231650
948142
576217
245356
735215
100759
489775
741537
681034
62971
123108
992352
8044
155006
171088
168373
707193
858579
982670
331072
1790
938297
572105
774264
609132
4597
496498
199595
310131
352696
295146
794894
886279
209073
776911
687897
202573
556209
925414
106454
227025
908233
289232
923764
592481
385965
372790
657681
712527
415733
120266
102982
442717
168728
655087
180315
478088
579724
157934
136477
599053
70357
320063
922889
42921
247836
41278
914105
743558
147651
21067
966404
4193
946406
297312
553242
373938
115812
334393
463489
399378
109329
117919
884704
854732
190545
929156
706527
305072
72242
751433
940957
485409
680985
949809
348191
65210
453372
944429
176025
89008
268016
305979
811027
52203
530969
676316
221598
205260
560005
524340
560564
149289
841187
227088
975448
470631
750854
339154
356647
718701
833219
515097
78715
822736
194368
693870
594813
376389
693201
918962
562396
646363
657177
341152
855376
501782
4119
321783
944276
970887
405541
794748
15727
578344
731516
242691
31070
435250
816386
639183
546556
439208
564171
383990
319117
198321
327809
90501
94517
341335
966626
654912
884577
1305
245562
487472
891803
505408
209126
940195
564317
19632
750994
444115
871170
403031
893235
686553
494766
739051
304809
82870
310164
308350
995802
643289
792311
201882
832422
816636
5305
461386
28140
270176
478953
315998
612789
680361
645638
253286
429512
296980
501073
432358
556798
45915
65875
110867
72182
389260
986500
366621
49062
253405
25101
261941
924604
391432
823997
585238
709906
330762
439478
468114
674523
391292
967582
404057
484676
586149
415788
329636
530186
786429
23751
627183
596022
635113
512658
597988
624470
137577
448527
491845
846083
87525
975623
859666
398515
306017
284503
68045
811229
583584
117949
286398
886285
135329
637231
943325
893399
694174
93337
784120
455807
205880
51652
34908
410124
657619
338609
664059
561611
939386
265857
167929
244115
241454
189216
425148
361941
276915
810641
355771
158293
782851
882093
237991
119583
970811
958462
377383
812596
555963
124726
375142
35347
864642
711410
520052
235780
153568
727218
606069
152774
859352
978422
520760
682703
472199
307894
840210
198082
874233
654382
496116
629972
221260
674223
896086
698746
680429
46189
722896
35969
907246
202886
220578
792962
577990
141102
683738
259267
947274
960097
675565
821241
300040
233499
89503
171162
846116
982219
412822
542461
445086
147737
427792
787783
503074
740031
599319
170954
729790
339356
162318
758902
462146
831643
305620
530701
170653
1464
306718
340369
558192
400169
68268
26223
144045
29109
485259
472723
770464
317445
438294
605700
157429
328206
935129
648226
109000
496819
552227
560648
136574
787524
267459
492997
814497
206118
552769
19603
973841
900598
566629
470696
228375
448933
479210
314323
708574
411359
485141
44815
430995
958783
303966
309270
516095
257790
377625
835357
541656
531456
392018
532231
340633
773518
639731
966972
113387
762058
234847
734271
16234
880094
940854
153826
40253
756350
4199
528777
219492
730744
357439
413869
337713
428147
375630
397
178486
630584
734079
879416
653503
286087
26051
979944
873048
66653
230293
951446
449833
138502
59948
148204
821381
90082
292099
179155
274405
273767
68656
66525
168833
676927
576634
787463
217160
260540
572428
377309
268455
328403
973688
152846
135462
768675
664129
839286
348547
342413
892128
910409
325462
339271
634781
919449
929640
307703
570244
407240
918549
852210
761166
145241
614871
677257
796266
761942
427765
652055
141542
222386
96921
639532
15143
779696
176133
641396
110634
322731
698311
667063
669878
633318
335989
352127
858158
153940
925938
276477
872872
292816
664710
870778
484242
462302
71745
855987
412444
83334
405674
809426
506049
600689
125531
448272
37800
810999
372591
63962
874940
869376
854894
492349
392199
270753
557788
393023
370642
34438
304259
887075
415136
269135
899988
342315
461530
676693
32992
303432
54273
71064
138137
937417
607513
592356
936285
272424
24497
133596
625055
366102
932729
47956
500998
681351
118300
68285
548846
418603
349244
65394
324900
126953
868781
498791
529838
257797
629296
761223
22274
308548
844543
548440
362472
427043
675991
753362
196629
283617
972176
334455
233652
899584
508270
168299
510597
750368
242417
544877
34615
995267
717793
544489
335031
406322
82836
745782
515885
891952
768833
834035
157131
858493
591129
248604
473554
241419
795319
670733
686228
425611
261818
164282
518068
601663
415559
785253
62242
511410
959094
998954
510401
769076
398736
12750
58714
980986
313603
439554
768249
436369
588688
36788
452482
56146
332196
737053
833165
737484
510799
267403
356761
645279
668530
880352
861854
740173
273896
342419
809078
427054
305425
814627
786285
372709
233579
447778
142037
108522
48565
697821
369520
899738
688526
757728
808533
2598
474512
936699
466333
956225
282010
883187
513835
250214
541674
882104
191709
872593
714536
741931
654733
7040
902982
724305
6702
225697
390982
65377
311949
283530
475053
110446
480556
680597
712678
802146
730582
654439
328489
609822
719139
843242
632126
314439
638136
169071
106993
333710
255495
140067
576214
327716
641989
812279
67481
428276
163781
752296
436578
966514
686706
935515
482993
28298
482170
281131
596218
307403
292573
989911
652497
478791
623241
720004
849892
370543
400761
491546
723612
131209
265274
955451
250788
770545
705440
116834
114306
388269
406561
569907
665868
339131
375625
781951
979066
374123
667299
337432
601772
559238
43043
645551
986669
516009
330170
791768
396901
2778
885657
828168
210000
720101
418314
808168
62378
544016
15574
984137
949565
918391
368715
262431
924346
897776
500061
391361
559173
94594
852303
677725
771834
559965
718889
683388
539063
325702
343442
776534
929445
662830
942907
807928
508763
254065
31697
768409
953425
711883
713468
609445
782557
899219
662877
29829
154496
231964
14826
5891
530497
269277
170545
263998
60350
897645
466002
380564
835366
343496
990245
299442
957699
33876
774074
860517
856127
562331
275092
957331
733898
778150
34334
339271
919748
692582
47804
738254
650132
145989
635082
411372
159695
994006
324575
261212
689060
757704
657226
788436
760699
461635
675027
550577
368848
993688
462123
857679
995218
467207
527531
387927
550998
410684
629821
240251
887945
734118
764738
841444
235692
953073
431991
192983
253554
988290
257926
560342
547990
935191
853383
321739
206783
304398
802026
108551
970770
135614
589807
204706
756628
401482
437160
487269
578204
161116
455867
220403
705378
464546
152453
214355
348861
549706
688210
267104
124596
569287
233757
372964
697782
408330
822605
329043
319068
506201
299132
316900
826558
961464
496651
179041
336044
545065
853670
465871
547730
453557
300533
82785
504636
276097
94182
570482
790865
90401
122215
260907
135675
962548
989253
191045
95047
995413
83573
265395
398811
70469
26752
213327
246901
232691
442267
893831
36180
573738
564463
296740
882936
109530
211462
991440
277886
715171
788927
65121
514553
297539
425228
819722
272024
727116
658558
970895
187384
741553
311726
194640
311611
163826
957658
265886
597185
273823
256598
247055
905335
927737
640016
785523
145961
793413
813243
523602
874708
292230
626759
981336
678760
803827
247314
621201
400499
110853
609254
933830
517022
712506
288728
463047
622435
416074
15999
369906
534646
196469
423988
89243
137688
752533
654381
334674
623690
539330
687081
554423
455979
923550
906883
893404
808786
743347
498338
214828
915292
240871
861519
358968
315831
568869
696788
29106
228263
225552
451204
330994
866196
657882
255426
427020
4595
393272
491335
238684
286361
162024
700952
228196
27177
675990
346757
424861
58178
376962
645574
212284
133080
202170
765024
526579
771803
341174
831582
747865
366081
896293
795189
809056
857849
253300
166648
214989
571385
563176
647803
818087
792635
948768
287814
239496
790455
109955
126676
544779
914304
606217
488677
971818
939682
702829
844259
52353
591460
811438
840339
363953
802984
223925
902878
46086
758296
964136
710178
306501
505433
706810
301937
570977
879362
692683
966603
752850
620948
767171
650873
55624
155563
611533
540306
741460
578168
159649
176600
311955
119603
69082
735565
21043
103907
314993
125262
839927
58070
145113
449030
393356
88421
862582
160556
493108
88019
254510
482635
502801
817089
988514
751281
924821
847079
519301
350194
965602
439573
971017
485291
627398
866558
197207
535557
984653
806594
163494
130382
860355
198585
467458
443487
377592
44371
77208
95899
641539
317702
447414
115825
17104
250098
49899
251579
328117
657616
633438
460460
906016
208829
82888
634088
449703
963934
429545
306949
651415
801291
789926
781146
704403
613977
384585
519244
965299
481785
28329
226214
817038
176663
459082
299061
13458
137928
398800
300373
380298
349936
989300
824391
840534
113729
408720
564516
879981
499509
276486
11639
670039
423807
559339
685759
394418
214352
602283
920049
967286
581034
615796
447252
626624
288867
450569
833299
522210
80613
556673
719284
290698
25828
250390
421433
39999
112670
277510
106041
910217
549623
975490
571589
585445
436852
742641
99511
220129
796130
892198
296094
598018
958364
836277
701585
832816
863933
964859
580496
664296
395126
876543
874889
629260
998998
221088
230593
67847
39557
970352
736737
920796
450981
813011
427822
43683
40204
859914
466280
631211
955479
995195
79892
518103
187282
331243
82766
336966
763720
543816
23858
711566
382119
225256
976158
146850
747644
649020
591151
385074
134985
444255
371734
373791
969259
404647
982312
631356
530610
1038
359572
644077
829451
457928
876076
102303
348957
783509
636549
614723
872601
247849
885253
810784
513643
334641
101547
711552
751408
672723
812193
69001
796025
727242
557028
655863
625146
158653
869246
748770
842026
241840
535294
411864
829117
98715
795388
607141
975259
436895
107624
933168
756234
597325
998277
677534
316172
848997
865884
293257
17842
920117
457816
405988
373256
907515
332030
587006
940837
542681
294318
105237
768840
776533
418961
6718
133253
555127
262295
471305
457441
264178
698452
804450
732411
867165
550623
372440
129738
865043
275959
849357
709596
492871
137991
192794
263986
787694
714220
179663
736926
728444
819154
531938
737375
858457
302929
590420
784232
755361
261615
822189
60317
577665
639312
999718
556200
568077
779937
729663
797019
414510
444175
308580
812259
852980
107118
115099
475275
479673
189565
486894
326730
961408
523326
747550
964066
649267
744353
714071
785800
148603
131938
162036
972281
441119
492734
562259
628663
717760
15684
425467
981982
598973
473739
175616
489847
953744
324650
582058
351762
307228
886713
466165
109788
786644
686263
667556
119278
669341
771765
654422
168558
298190
633817
909727
302836
688368
346976
287794
606440
294901
883337
31424
774921
835897
322245
223904
611439
676476
272111
364107
290412
681910
225149
522713
319669
267777
601247
520686
752302
303879
595292
466433
938959
365773
477766
176765
396615
439554
827570
198027
752960
11239
506714
936106
565467
480286
806429
57162
646219
917279
644123
218886
312373
83025
446365
319238
158608
93172
780611
79462
834431
661928
91076
246046
886392
828824
906453
364204
361583
317554
984551
148388
650123
254040
33128
640356
262170
929530
825946
843166
909366
319532
753001
907211
419190
242032
488175
427410
294989
696824
86034
532318
161275
852991
415827
103032
626445
88260
223263
64701
549432
719597
12739
937380
564617
695169
168007
39297
658903
792510
333255
369622
982266
920223
813248
119415
422287
12699
535590
647678
691562
57401
311638
212904
234150
661474
784880
682748
250503
546051
95832
549306
813372
140991
43764
178266
678069
863960
55325
413387
248264
891708
325636
614831
735031
399796
545978
32715
95973
167831
975269
13756
239131
243523
912154
101546
257315
789065
497303
299914
583223
268528
41831
2266
702656
782906
968065
414772
52249
487375
472778
881913
74891
127204
356570
436104
615854
867466
615145
74800
947246
458011
895029
239938
537256
653643
557667
745738
985605
731716
526665
336343
653426
929303
672393
406364
985377
181939
815960
241308
378475
567858
851581
612148
327831
347271
30038
808246
382979
598508
245468
65851
233172
368646
299922
734125
957186
522222
356311
154638
162928
649692
733529
671058
490398
881561
59422
252507
846438
893380
141322
30104
688235
253800
280607
677956
929761
22621
959607
989082
286278
701028
714963
456651
449603
900098
118420
887179
296147
313878
68828
881671
357698
162613
954055
200799
610574
471324
91038
644484
25363
517148
690443
987012
652732
699422
890533
673405
633644
16453
390197
974513
907828
433657
245705
875072
29260
803404
22445
12685
2495
764570
67679
805918
272338
141344
612180
197464
555915
839252
457417
126273
379389
997035
534707
710016
758359
961328
745600
614744
332685
301087
140136
336136
723200
610064
119531
841202
997867
183062
447315
318514
355681
839453
214907
976817
528312
481716
458319
207587
591531
300142
743846
674762
424454
941497
842136
194629
577241
185464
813935
963917
268012
7933
249945
968692
204467
38308
233591
345643
57171
631462
779066
697965
520722
484849
423426
594505
722186
524822
723451
214889
732431
997681
298762
307358
392294
661675
584901
671553
425762
672905
443626
235787
204824
353495
387312
201153
278333
671920
919174
277876
269528
312112
746788
776840
76051
222623
761545
698088
191609
587359
116333
20693
646812
456947
361174
932964
150170
398482
355703
130125
396167
850679
619572
400984
418757
720766
771052
879609
189540
264393
264171
958272
868854
469238
228887
356623
638091
688437
29050
685283
622668
84872
929508
113896
530598
231010
85339
77021
706895
307785
274447
995817
88313
399549
781065
43728
40046
616857
365524
418032
74344
669507
92580
244640
69718
902198
722031
951467
339021
800841
205809
967088
15101
975331
74870
216859
577914
537135
851760
151002
888853
928774
218454
495729
410568
301104
934040
959960
281589
62063
281273
227943
686912
244519
290671
815702
640632
307998
437333
962394
805331
84265
781583
712590
104134
170902
286691
348553
436035
299120
151340
202772
545687
945618
870020
817012
398906
17180
97942
439976
269553
566488
348976
432505
708897
158225
833705
331030
588724
22772
96347
46324
971408
209980
146837
329059
213558
131946
151875
345475
545362
508501
436895
221745
407473
889600
879653
737330
474086
394167
607566
415270
858279
902026
237770
359742
90493
5548
972803
44824
109435
251202
666791
571099
738276
452688
130194
282670
696400
202393
856255
701390
253321
216378
64876
830502
344697
127370
530926
137362
526886
501180
331376
368679
372977
717134
843037
741090
123079
792645
233085
195028
451030
158737
438223
780875
401905
856460
948423
958770
572017
550031
129438
157971
264159
579531
304084
437585
81113
356745
74702
676462
689768
834396
944425
49508
773043
968974
168328
306610
831287
144458
35926
347166
186579
75666
414393
360088
312718
162791
857598
45960
624916
246462
776884
531999
438858
871372
943146
636547
627663
406432
884390
802786
797411
252924
930594
239468
799225
222975
540510
537944
599819
981064
165442
93279
109702
981752
311975
676739
819052
186004
9906
210740
775228
850331
550445
36719
258282
465836
691393
369383
418559
492836
922870
870917
659392
154098
236089
657613
743368
783586
756611
885233
14532
387540
2062
602521
303190
860020
599580
873491
972989
318829
441936
105833
805129
106308
656957
67804
716600
649267
322053
264173
200055
551452
709632
951830
267913
87599
935356
90865
230222
747133
536194
687796
287345
520208
82596
261450
672904
77304
976324
838767
377108
84921
998626
658538
329107
146023
603869
242218
61102
956696
917102
726407
556500
375578
272354
835701
454482
204226
202381
168156
44911
306395
532921
938978
873784
35481
322685
351718
243019
926021
231653
861958
335854
956424
922597
368933
635482
297286
893872
732222
360797
97887
917592
965881
633668
695503
140736
327636
600391
708332
25810
618200
717583
517375
72070
63463
628066
128289
334032
185814
150371
704420
470266
271715
937470
818882
556440
292810
114091
29593
659036
701704
581586
478880
832425
954959
38089
289075
541700
875629
634103
351645
204863
644034
505451
222105
799876
326558
309673
641868
443268
409167
651008
116804
427344
866138
426966
644249
445397
551980
413166
617096
995392
772064
89458
139472
25850
351009
731063
284878
192453
602275
199590
693950
423870
868807
607969
316430
709859
467067
99562
460838
753849
744134
398596
251362
856053
679965
825187
120792
29342
662295
592336
266806
877922
124165
375430
500625
345783
350169
917243
259506
721563
347672
362533
96787
491630
702809
982249
395228
632683
280934
593188
231547
781539
364732
35808
304852
388940
107719
586703
987305
132931
905854
902499
202036
616155
626489
628789
875077
746268
319080
566365
452970
794182
485278
244918
593053
765017
829131
108612
705247
216785
951208
364533
247855
763421
507421
42499
746828
818580
12507
678048
125618
385804
496096
23884
28625
710229
715933
423964
261674
622384
335930
434391
758610
717629
934082
887761
43882
430134
69775
418285
935287
884347
737363
138956
337071
245524
143224
101162
758441
349146
332856
523920
94662
119304
887000
168953
339186
548855
689577
926053
964770
91197
410570
373587
677890
524713
412422
6760
877554
825003
61796
105795
995336
746313
994604
36454
226164
794767
671033
685243
447785
745169
252820
707660
716650
310213
282682
59040
658884
496508
647867
645883
535894
893509
776089
659422
601458
455883
367110
725398
698032
288704
734386
517098
160255
493251
415202
210073
468170
696747
871712
99023
582803
25389
234368
383531
228564
70546
520206
345426
532145
854977
872418
688856
856628
256262
676983
160786
679594
911505
934056
226111
386337
18166
170625
530018
608662
694948
2978
574769
130512
199634
620910
285700
976537
746077
461812
725478
240450
734735
222695
467234
797725
769601
742837
334545
458697
673268
870754
700686
793660
553187
768423
415699
77851
751315
821184
115930
589935
975042
667347
52196
417037
25079
643678
156263
376200
861896
935914
152625
658356
104934
264905
139923
752159
24469
200446
366797
446846
799482
587282
936131
633440
978442
948328
201588
305341
233782
891722
42826
190092
26384
381197
777727
26592
341107
757177
751728
630228
910229
490168
881851
385904
640190
763501
347338
320530
274555
929405
164214
699636
676505
866832
416644
371706
981980
789591
988691
968790
698095
283053
485731
589465
536794
692540
875594
263474
359328
820463
964634
150008
896845
557563
140194
820061
610739
195707
688358
100900
533373
881845
454104
107854
521146
732288
231866
767499
125208
703058
946588
617536
38480
46024
973502
791867
891294
68849
479740
28424
73957
493173
201493
61348
762457
436515
310940
477540
187025
664638
210395
6738
539674
223266
652191
945889
427446
549882
822060
877498
948854
108029
436564
395447
396977
217050
765811
432068
21348
140566
452921
846589
774062
66517
2583
23514
58693
132474
653708
790839
281825
845682
344249
158097
934738
876441
219930
441921
370785
312190
604574
106418
845653
971374
419769
247874
910185
769032
28374
381219
554246
667335
521110
418477
679202
226763
473461
754035
324861
128022
171095
308628
415217
283816
75482
143911
949865
109355
548650
544228
356062
382297
412753
831717
962072
909756
859615
985492
29867
896778
906283
389037
343782
540979
97949
366078
46144
831581
136482
729303
57187
680109
279941
410078
415248
444579
240279
961990
193607
512735
379773
651147
370540
126315
590526
428952
227670
145989
771405
26181
834648
356944
491461
226069
840073
900549
290059
753325
531843
257012
745348
216344
23455
603196
289396
23415
385247
838572
610241
472270
139272
239204
684147
102183
162216
377613
507619
360299
725051
776141
307034
688162
39468
763611
227655
312652
167739
237405
408893
251843
439048
580712
760926
521077
667226
670001
181189
849906
709192
850864
151810
715751
517161
123525
554216
64946
828209
374598
95505
834758
920399
460845
289
355730
440677
365777
515471
84887
327842
767963
186597
213621
509581
778056
339367
556402
921257
364923
862193
460864
142493
925602
484985
224686
5802
483165
716229
29559
866929
290789
57626
852937
423897
157521
858692
45462
708474
825427
565880
806179
770288
732738
699944
766616
907288
193113
212628
200674
962483
708982
929350
714666
616344
208892
914026
707301
779228
611139
377982
538157
307003
745982
322847
859826
191524
567447
825286
205173
755991
624048
634120
65269
158675
667358
535038
253488
629797
380373
738326
596527
271285
17223
381844
358582
606908
213962
523534
892022
520600
648967
785205
535216
930511
314510
59610
713546
142104
444678
58139
153224
824533
309671
665431
398622
708134
415292
522544
847677
509046
654918
838195
524671
66293
882059
252391
626462
931852
970376
640534
213920
877348
449959
284445
877297
343723
763679
819567
287201
553596
395183
788641
246100
350831
366429
912008
273107
786045
502916
991929
615857
288698
667351
117198
459306
349808
75220
393886
394226
951493
231210
918512
820252
536079
973804
231086
9452
449033
88959
395522
454339
385335
791439
762183
326282
519657
775610
380191
777106
405198
678060
928965
761430
176023
448255
232492
949452
340958
513043
938681
682423
46975
319961
637598
103515
19648
53512
455331
542513
902223
329014
287654
359031
920807
510209
410628
385084
221877
358805
656674
289932
400210
307018
741119
202596
523650
700380
767249
637651
904527
512063
257258
674308
349922
214038
158936
104320
244583
876292
861659
596120
738478
167870
84552
809343
849972
612361
866884
949604
417301
499056
762898
899763
428201
293535
797274
485191
74104
516499
692920
422270
585669
536525
916948
517669
272843
688822
367750
438958
90630
865963
134533
177434
992372
968157
809478
474468
423368
624735
24342
983668
198674
932685
794621
549545
574098
362501
907700
966786
944943
948353
663028
783422
983895
980314
102824
438060
782078
157554
183257
779717
81975
376463
934201
875866
216906
511553
84743
51052
510042
4007
662838
617404
774065
193176
776181
833494
668018
865706
316413
73063
467036
64971
187923
173351
542464
140566
417261
606470
652918
558555
158357
86627
59731
767972
694659
830494
12280
911141
645071
469039
552248
542143
311328
599460
186197
407387
88238
709874
523100
528780
582744
309601
100587
909979
241724
67682
926572
946677
191538
929680
256343
313047
814571
249426
186998
919416
192690
616562
58106
902843
981287
618985
486168
991140
466921
380242
491431
30421
653910
206588
609091
359625
570806
188890
223619
125890
216016
375105
395889
473962
514001
202702
346778
820452
340604
213251
187041
238902
827993
744359
170579
26205
650465
491459
896299
586969
149658
231419
219948
742449
152522
325762
882734
94973
556968
295195
849952
701625
439507
817095
963750
136466
713411
169680
180206
363179
87683
557392
972062
135959
65978
459094
520594
879299
410779
624942
105549
794120
575647
154006
835575
369579
228563
292114
913827
431112
826619
358641
94958
219524
552127
610218
401399
627484
419300
101010
923555
572077
609298
984475
6843
886279
289063
976171
930224
299988
420544
607485
76832
226982
948177
571092
891540
523051
901309
311104
862012
791720
43522
850152
663288
844605
457026
569246
143781
979938
899146
213722
377694
334965
267500
869632
762863
273735
530068
151304
193046
799793
911471
520165
460611
667235
740749
663606
564759
689810
329793
194876
694460
416023
115579
880522
815531
832735
324488
910580
7165
420307
333470
84484
288578
666049
636062
162056
713430
622104
495193
58909
78113
383896
165395
480945
966450
425576
298882
980412
145690
519098
874988
220490
725383
8650
242098
756815
425019
219710
774434
980349
909263
311910
386932
266294
421300
827298
523959
783630
883158
862116
298960
23986
324043
822182
475510
792390
476869
807741
672156
670523
739649
225548
310413
720293
820966
862100
780054
861754
445338
971300
420955
256149
786690
88703
650622
104001
865087
615823
300988
50877
620207
206334
466890
435397
176674
282076
581281
620293
846302
91597
410674
220685
857495
20181
264560
946341
820795
724827
451976
594722
734672
453894
851961
571020
621170
291614
470927
542144
914238
28330
8112
736746
179022
944360
613242
587017
967467
432396
319940
351373
952797
939291
219283
890647
900671
246554
928586
243217
927354
430787
92214
870172
126109
205380
675925
20487
696677
949435
961160
385911
819461
652512
755615
75437
271234
310989
719813
98380
9157
929543
353435
643174
26428
782973
710834
238034
608338
404292
314248
977158
732406
149206
1041
544062
362344
110702
618269
221259
240843
187846
467102
859169
942803
850198
703573
491865
35135
485308
143561
130342
730491
545057
931685
665659
4234
608582
479094
812053
186206
821240
51839
180468
689823
721679
221795
630067
475163
750302
62041
790351
44663
524945
397831
424667
323659
987489
742176
464414
262094
738953
206577
884063
497836
8685
852519
420920
445367
568129
55411
124228
946187
512517
327720
980349
232258
169447
198004
850024
178390
653074
832143
976646
809528
248949
162739
598461
323527
454043
301929
246170
586597
156044
582657
73795
746153
427020
399304
794320
8204
674829
463898
512052
23666
457887
653329
700833
287160
614083
837545
853009
24312
948770
904629
3659
499702
348804
837292
592029
935668
566617
385292
28917
546659
578700
70257
429159
646404
943072
766320
265430
365291
815648
713944
312929
473530
717579
157041
328722
116865
246344
372011
368645
562274
28355
710276
831761
916506
602218
127053
977278
661046
210059
672225
89581
52402
868112
888607
524884
764310
319855
78432
986314
475974
647835
150618
39262
301207
499746
707792
13576
599041
416412
576789
212755
554715
418386
7039
198355
621656
725202
777026
401153
82810
473464
622291
892831
580566
137065
863264
654818
361980
475130
188063
439892
860417
223527
399603
907005
247094
480990
534728
129887
349297
693529
334684
397977
850313
909682
432988
760414
91859
936950
292040
387293
691106
858431
112681
587448
188109
420642
640689
828683
59188
24779
395442
692612
394300
584462
651894
542433
534049
766677
710463
777914
767847
839648
298000
804443
526457
591814
540005
415322
451660
565246
864534
350637
953867
942736
383932
237958
37888
300216
207917
685617
644793
858563
6891
785909
733783
958806
369193
58764
249733
460394
977245
811015
13756
712640
484620
285166
870004
590673
461277
810845
62
106813
731218
252242
853719
382411
449798
840318
326753
157812
232432
906207
676329
547269
907027
133494
584109
604762
795697
482070
288817
509079
367135
977920
705496
961930
416625
725693
526425
885455
606341
506328
713008
297880
866844
436784
110758
46859
189645
88435
987317
159570
687132
521548
551353
14097
520975
784225
225489
177123
579875
130169
777618
540708
319222
885352
756995
762724
381531
22639
608780
21939
191652
369382
932156
911691
735798
945499
743608
741429
623912
718301
930475
27360
194308
766970
617154
959339
656558
261592
819744
45144
611119
52730
501321
685163
830875
447381
286819
354141
110740
92871
252821
727790
333566
207358
451708
257729
738600
113238
465236
631877
637438
49663
632929
452135
521346
480504
94060
163525
335496
704154
273723
510770
613726
958941
602342
709436
476533
163157
96041
740542
328906
735257
769116
599065
243969
961783
328918
934279
444097
396942
457311
250304
932692
744063
298517
683426
451742
149580
99901
874116
656598
577285
794188
191871
819297
700939
597348
453007
399138
867769
33822
676084
625409
438759
105992
119991
456259
136091
237925
742263
349690
57927
329475
273162
900354
237305
421804
403838
687628
435135
848013
430483
151922
168758
722878
406528
201374
283918
892686
831406
562593
2255
424196
962465
18581
178420
419890
379161
492040
12969
186130
234887
102559
347661
853730
253948
77448
58317
576843
528779
1790
908211
48468
930707
287916
565558
537678
584158
938006
935826
864849
283357
79833
545140
80026
364526
143324
892153
128890
656822
760855
654170
308002
404735
354311
152336
713695
147257
841379
466796
129785
530445
713739
706439
726010
855343
537489
8802
233072
343987
364725
432211
209886
512592
248315
137314
10860
395109
115485
411558
810988
6032
86151
131655
609680
700869
658117
425044
861765
45080
783473
684819
143304
222272
884785
596824
482846
233633
945322
340881
816591
720778
510276
109227
403711
707191
960479
770801
500768
675604
110646
31734
898721
140169
837209
485154
274876
769127
749029
370870
718285
754790
762830
982177
988607
174636
934957
448164
620376
51004
65679
924195
935121
674270
203724
329759
373344
319021
397620
644217
648798
854100
87690
370047
30176
48383
84840
694432
961720
878772
373683
433944
292310
62220
830180
448577
924612
829239
686908
424968
560868
480144
4739
269110
607223
730226
838312
449034
984582
196883
403179
269248
905766
882260
320596
437611
572121
501831
522996
201682
629958
817115
868591
98751
763422
169854
855952
820229
39731
485578
522730
363417
224750
595209
227988
117605
790696
824344
92204
118545
856908
653600
454747
746064
854998
570395
35816
802649
931729
745197
676023
829770
249350
15042
315596
132567
90614
655026
351598
608812
840542
451704
698778
899124
842393
93981
592221
794839
256250
207045
262605
121957
298569
913529
163111
335524
835939
732302
626618
733898
437735
910691
698701
421266
963803
414254
426384
862028
524923
309848
8114
432984
126958
152246
850527
248031
726547
281128
666850
642443
770592
647510
703635
727112
880939
489738
384493
415019
84507
268495
809247
57365
785411
125414
257799
185019
974802
782391
570704
549192
249141
775738
575618
179900
535874
646979
868607
46142
966793
233422
845454
942059
764245
157324
126979
903930
700000
87834
884312
840960
455433
493951
18548
439138
439864
145113
453171
34078
118055
930693
960703
550886
823169
313795
841588
449110
552864
52283
560405
175326
394479
105834
663553
793019
560304
296871
922691
864103
292579
572210
224614
868896
963180
698416
85482
47861
597062
311402
337551
471223
260785
966009
981699
689566
374118
701011
305972
865038
653963
601313
855814
890034
198313
832022
28018
205630
384780
569978
791722
993930
601942
893369
445060
906755
522292
514721
813037
528210
277044
60293
779246
148585
516162
356537
821711
5417
307804
584434
930885
850676
487638
791432
417254
653008
516068
742217
971051
44243
252469
387710
210131
937451
674885
131457
676140
625265
796667
869333
497021
583610
183977
287554
374020
860866
431934
486938
267152
975339
177511
543446
118299
162274
810086
408047
430806
325392
30630
79541
550648
806518
715772
214162
976975
683156
676806
978526
870655
249813
919678
826284
971973
106009
237247
854450
638015
873396
597682
308660
585433
26836
133121
999407
796576
487460
462120
581835
59241
177807
477517
281272
701696
508882
709014
639634
303687
274833
109781
424924
987701
378577
838505
657709
788914
422471
641296
805055
674570
942976
553038
927897
37869
511167
535848
286932
172841
417719
249467
873775
818743
408105
413922
577956
258203
393349
929746
601916
764484
925947
26639
806830
890711
555485
928088
323241
589245
631360
564699
898368
323698
541576
959085
328981
879908
489981
755732
470119
90375
48630
286713
339609
985587
583037
504330
4811
708917
281788
729408
398417
473921
562356
210693
197848
971388
538620
17571
109613
870561
369226
827606
5650
973751
448068
758566
450266
897118
18446
957441
185985
406440
51930
90
638119
375183
848385
535731
195148
203730
377823
184859
186606
107162
523155
112315
256837
7397
23558
237149
393540
546800
70869
373790
991835
543138
922285
122222
32668
40142
728874
147673
630781
745261
610890
35424
380784
985135
696159
124580
168776
20464
679823
689738
682747
745836
725632
182964
138171
798298
963611
320045
279690
140013
736990
280944
499214
145345
224523
112015
466892
875533
770147
359376
191699
269390
899102
901840
81630
392991
132812
313396
463661
102506
411051
399724
416430
102400
711140
780027
651975
129179
884659
43114
675070
768070
845532
617639
122536
590663
852594
130655
107298
880979
664350
729937
495732
878223
714963
708159
307977
264820
396512
522666
563943
876511
648770
886868
952677
277788
46484
615155
896701
881253
341287
695844
180626
581818
753284
320825
680952
346862
656331
226036
969783
220732
526596
16096
727561
991151
643272
825679
662593
750083
973324
962567
902532
920591
360879
635576
557340
310698
185844
841296
894488
100394
322898
570321
306501
936735
810137
973620
252392
442831
949913
17445
545171
775192
315403
18442
176189
498405
136613
958784
44188
609831
495475
119454
336614
143737
915920
817039
564177
402506
919021
446065
863823
292061
536350
387343
142883
446069
814940
292375
175056
731094
188959
291126
901764
277127
429520
838904
386761
787213
837455
841250
724205
856059
555553
880208
581759
791979
574056
107766
834459
846656
721208
825390
710468
732687
872173
439499
874862
468774
735454
692128
15140
608295
916784
493694
130763
497383
355557
825013
196457
447396
83081
759137
897240
155780
771137
139873
911937
847826
360659
911849
165496
571070
143069
540222
85546
150066
496087
945315
273863
716216
925880
398060
536601
210485
114277
581431
928216
227652
790740
769307
366459
993526
190439
520867
508870
208175
508124
537303
459414
698500
458625
768324
802928
903377
227638
589466
732213
5027
374289
985335
299743
764331
837154
959485
446312
505583
679068
48961
978561
134167
759862
793716
156143
61202
611675
42732
81017
969206
796938
954744
570179
365761
668855
630324
629893
457536
876695
619501
357386
397418
767456
281066
203252
608490
118381
233773
345323
328015
177286
746300
899075
920703
465601
955802
969625
228338
952344
173232
994749
781034
257893
789641
806407
760152
30678
944512
376321
222134
907512
550791
744074
702388
168113
351833
202518
783917
726365
56449
583441
738113
643380
622062
748122
270181
712654
687631
517124
379541
336563
160701
553273
138030
782719
944642
278361
492514
861192
177862
421056
654959
412805
763956
467206
302812
396937
980187
58468
819817
825125
323102
749100
912263
153119
891778
342900
716757
231858
838029
193337
180952
784443
517316
410880
309955
740558
80558
879826
631869
801661
893896
673819
450332
561516
303653
918647
388945
906738
40658
190269
498608
360015
45617
5059
950688
222049
708888
733938
29716
526960
525192
833518
446808
504169
208532
296643
261518
164154
322680
987520
511063
643697
256573
23683
175077
651441
448769
187976
173001
683787
664124
271583
621017
388814
638393
452701
39500
891193
94154
877268
252911
541172
871699
591275
38171
234571
221551
747546
288053
270317
819981
949324
636672
192426
198133
700838
583807
654743
589042
26957
500174
47670
544256
810358
527761
185166
803742
167615
511919
191817
480566
50576
141558
632128
997640
412271
713512
138989
276202
165494
110194
677212
397580
116208
107534
712480
322142
705116
525664
498673
316724
283694
896527
230043
505058
479689
107302
548788
566567
888631
497171
129902
781603
465791
64471
710459
399466
427582
862988
393326
662649
285223
149959
696253
709590
857920
760236
493449
747533
103502
794647
813125
931059
650285
973114
374743
119688
440996
491592
223436
59281
977783
35456
901159
484716
253039
198749
662132
834461
931199
211655
848209
495898
316683
715627
57881
382368
954390
454133
871461
991417
836785
716465
900142
253625
668978
485048
105571
794986
242504
759314
286167
474749
195287
512529
176812
225706
654228
192662
481758
933589
114333
588291
879534
727836
759611
319436
329640
813585
527532
862275
88755
530302
510837
855090
749951
749517
867444
306690
730520
264554
615298
390861
851617
59913
287885
653413
267428
373553
576948
934520
580307
661071
886541
236567
806426
84503
650870
257210
591554
305486
666351
414638
165039
631924
678578
767815
64857
488652
188282
313963
457429
191870
315799
561450
747737
919292
272584
783258
933196
152661
161602
316851
872965
992876
729764
965065
773663
836506
44769
737835
963871
149783
361841
758150
427202
10828
119450
170822
61803
54461
30990
990439
191617
787015
316255
10665
782700
218091
858183
640270
425516
664514
436616
359988
829103
585599
636459
123747
757963
328844
175674
725739
946675
354955
954388
413710
727974
298039
674376
625095
636660
968128
592037
682398
629047
63414
951631
527524
186642
49653
526632
740416
857715
464849
154433
81089
127563
941461
326538
108627
426972
752746
971175
199816
674520
397081
324521
265861
720855
545513
543272
62116
436914
131807
520906
36531
88389
301692
537914
884481
606402
735151
959619
973517
639675
787750
99094
120599
976315
642624
822388
461819
881692
684675
826335
49287
360328
937052
541114
683261
6023
126496
62739
654359
606485
904082
502561
894391
8786
643272
566542
96179
557016
664411
91007
170093
804117
674869
600574
702861
774353
891003
521903
214980
688856
739431
949269
756035
385328
646837
801295
301228
887661
570027
560704
524432
350923
674935
941690
313083
314834
213012
656222
515389
889676
770475
840118
324964
774611
774519
454390
636301
540089
82697
117499
30081
334746
24073
483624
113069
65461
267874
628201
208364
67923
787058
562965
704554
201783
99070
28788
272446
294881
357596
253577
592061
51531
475440
520380
993529
725154
764345
560439
275660
337442
224847
17446
593383
935779
975808
863998
862839
311763
256865
285946
160434
646811
273789
371281
73035
147126
673063
618855
840434
491261
336514
223274
979982
228034
21208
39444
36760
404150
600529
199042
725754
293741
437369
358424
889547
418815
435949
524630
397329
162058
545785
893136
542008
288663
239104
616174
930993
394804
185628
184892
448100
471284
778887
389511
551878
754792
970741
959588
844223
621165
403683
468464
486789
622013
919201
347488
648339
87955
917345
45457
22392
10312
333287
231086
609195
913906
306085
46311
809242
514842
752348
308198
943019
461823
910406
832218
578228
385802
406931
311406
91222
755142
889400
480515
241296
433332
424936
398128
253476
699850
228337
739333
427797
848130
872992
991199
708919
371011
506111
475649
491821
666712
596043
100748
134992
385212
790300
463445
189386
224213
273410
666766
969052
493481
145458
92082
124972
142187
408254
527320
60153
356253
40145
710419
385274
44146
969918
951346
22157
906062
694442
599530
860964
977123
843619
156582
404196
977613
321039
721326
502159
789542
271778
289286
665310
306717
249924
645813
217688
97551
348555
822000
280887
311656
49368
778750
62852
149274
353149
879172
391425
893171
27943
37396
41634
284015
867121
473265
957280
217068
299318
792021
680727
743157
283211
836238
491593
775559
140586
555014
297554
230877
371638
379265
351312
712900
864237
713403
881294
691640
276761
727009
287559
596406
3345
536519
367326
508898
669045
692367
70397
239823
375408
744661
358992
747460
647786
372296
413633
939579
512950
797492
880381
30254
596340
258837
384728
726369
204981
766167
634846
461799
255013
295082
486054
842021
386095
233513
462519
577070
615950
742869
47417
22917
893728
515660
54290
391912
416103
69292
15359
745276
938362
72666
256245
716318
698825
585191
115318
170583
100705
331327
727930
251555
668885
604955
46325
344041
103569
42011
51176
194359
692396
433242
460679
107608
576118
22753
316012
518697
716740
686851
748246
883398
770263
935850
145601
602861
376681
942420
415555
409202
628535
656277
74825
640440
252734
447225
68570
199361
375087
609092
486344
739057
638166
764884
695990
21291
335537
835108
188203
150114
4374
497248
449663
687949
472649
116486
591300
114117
521476
497930
814009
766669
135322
888894
848218
361701
789474
819677
526154
219984
28056
908947
24499
367428
94360
228145
318074
247401
596112
21061
248722
697033
265085
741915
428471
523126
744355
411427
771069
976974
750618
119387
121432
65225
315597
430621
635893
691431
165343
13912
780852
246406
784473
340403
120103
231211
957044
973903
393385
114086
745048
304306
582450
199393
109332
972735
437111
911558
914082
930587
773932
148798
346715
826379
545514
887409
802509
524396
794451
837080
911703
368456
907361
416158
809432
585382
413131
646420
378248
390449
77209
93305
581197
589860
11609
59034
251852
584085
476677
473084
668167
918439
123624
95155
529083
392112
456556
660530
962038
469540
181813
995713
43317
291599
298967
922073
599069
695443
450064
20312
539930
270557
198524
519077
187846
936512
879213
708802
655038
286760
958495
300086
234085
570057
307172
33336
152008
612021
500248
501938
272048
401708
813737
272148
370712
511187
433725
261820
747619
373627
698975
812421
32835
328697
691187
153623
918660
61660
144784
786083
617518
233071
714484
470426
798499
269814
768111
74748
763976
927889
71216
223158
564613
568565
53245
297556
169243
473477
592661
933713
525571
409780
952218
271841
526630
974643
197824
700727
406862
467210
650390
447581
534269
18063
166996
212248
443894
438984
207600
267074
161271
293017
205659
551576
36611
377725
158972
59799
734054
465296
96883
425405
654913
795906
944593
886701
724417
540885
485536
733354
402040
189073
133189
233030
414112
865651
58900
459893
979370
634086
558019
216057
12306
163055
142997
346969
128240
865856
753317
768954
220857
438461
76147
26431
275564
501135
413307
808133
623129
833851
146782
834806
169913
702859
9026
208713
491512
925127
447027
220830
346715
453014
762147
868768
781715
506808
732047
656453
358056
256548
140008
397905
323309
613237
64526
243071
374260
867315
382940
551762
565988
226247
768634
360701
973137
355692
363256
138694
792697
1685
468798
203315
735167
85411
577354
350145
90258
377134
508216
280195
463969
961152
900317
690672
74411
701161
198545
598450
757643
697798
419927
553314
963434
78541
893368
607935
309909
515408
58727
426516
533245
676511
4397
29318
62745
293171
47480
761219
873426
993032
75747
761621
133394
983847
956999
46375
416131
546734
828642
197070
887490
534302
292915
363732
526524
287375
586143
45930
371644
954079
785813
438372
965632
671181
979058
474337
220680
366951
386723
28367
606751
428437
421529
142729
379773
186861
854250
583798
119516
250358
259991
521343
304911
366334
329489
790678
938386
579471
629796
13472
595265
115181
577393
990278
467001
25803
76211
641077
859994
375585
253537
538837
843924
873566
819450
450926
813617
438627
380690
232840
817372
979187
222805
996827
716156
224065
901681
746479
356899
289446
689832
94538
399027
208028
512444
120801
545096
812118
27751
373682
917625
596036
645854
442424
49393
113913
941927
999155
430336
919624
39705
547343
238995
395834
264453
843640
903033
750438
824143
4605
12911
812126
16068
161556
280553
543706
280983
270163
647302
564354
537609
898650
3960
852640
796277
413557
993404
54775
657643
243196
816292
287633
142034
430080
35826
182965
96254
73876
863179
924117
10729
481930
312704
11773
943142
432943
138919
855697
271524
257338
752443
511650
76921
283552
946507
590547
677745
73611
683629
998501
316544
452525
33338
215077
51299
239303
218284
850812
345528
140784
854781
631090
731055
707340
10972
166633
942279
837218
71961
309006
279968
637309
180672
532855
794747
700678
472583
752784
258042
958333
951432
577009
569000
724051
823043
148633
713856
28530
746847
724674
816165
21641
555613
168298
657882
56082
755595
32371
153166
739733
886483
395008
251714
662122
333134
823721
758780
876618
975687
867924
354002
917943
270439
243346
60757
421669
236268
476560
452545
318090
874634
658752
491855
221273
244458
908864
845407
360154
446732
373305
825388
466436
764969
55826
406679
768555
649669
4968
346316
538884
313504
218161
963158
968543
538879
590346
475108
769127
334623
92895
524761
350805
224435
251163
331106
314118
125070
31248
85486
97312
565345
633040
659277
202345
56221
518840
497717
493657
700222
657633
362423
608282
814410
278673
694253
830062
871556
753366
399431
254932
847600
483504
821772
483702
762756
378120
201673
958026
756522
280784
169424
772498
330978
914085
899697
751192
587950
783256
550922
16568
416140
93059
430349
464934
34026
968144
494211
604273
150946
313548
44015
844869
640297
571646
538057
909807
507986
82950
717514
573041
65911
813136
786186
85101
59058
835080
163375
463947
596733
567290
804201
825540
711942
991310
94636
207568
109598
546482
219512
369364
395879
411596
476606
872290
132379
670737
391415
193353
69478
996110
911340
285728
378018
536297
20459
215809
602411
81458
457737
348349
791151
858994
482364
163456
586528
246450
439560
839154
810732
264914
300516
194255
644055
319796
69019
164075
724832
68097
125109
717296
984423
339264
549369
810709
673342
423017
442628
879371
877342
743174
246174
553186
363670
600295
937082
216895
564221
607631
135074
656124
162245
806542
543939
516134
318620
646319
552100
83366
270668
325974
301983
694932
922336
470340
144724
752741
435897
113455
384525
786134
947533
286674
947052
75500
899849
706677
232106
794979
554424
868306
85573
138555
696891
399602
842945
291485
332219
740694
694904
600999
49514
286843
77621
414136
199640
72351
867284
652792
430792
667886
817745
359236
415773
611699
169972
845092
9322
743186
782135
156844
908852
191238
530635
140574
215718
968422
762678
422132
171422
462951
982645
326730
949890
285319
87716
771603
886779
225161
391802
704091
896403
935457
42037
281056
913640
163578
782362
639848
691374
319755
983791
353423
627256
853583
315033
267830
23441
180800
328312
781795
794568
607323
231152
307322
312652
328952
702702
414957
10799
450345
465399
946455
506805
915535
747871
385097
621311
332635
331577
711889
104301
983772
765530
412347
492803
817473
786799
142579
39938
426145
784391
554036
721738
951818
665650
152784
97389
263788
868312
801769
153200
662625
37914
258493
629993
125966
286563
202878
123213
171964
575721
398343
987898
271243
185239
307022
860502
416361
401616
909370
279532
366616
342373
588613
475279
368734
950449
858261
404804
572934
989063
495794
857368
30444
363176
891683
159431
290200
575806
739953
962480
638401
360224
173108
630159
668090
912932
765274
104224
222259
877871
670000
330393
281093
463936
667996
905137
645110
383302
958931
985519
881051
638089
477225
74017
307067
490382
58409
784782
364923
895159
821259
47899
495607
139697
27031
961446
149787
452494
22496
225347
907312
225499
144891
161133
586475
60965
8051
302881
738098
322625
764669
93491
354595
425733
246167
650335
697113
367956
949894
785644
258100
543505
137446
340169
926065
98527
663343
400375
792077
551208
240401
880442
606940
207258
797350
608127
705188
994994
138138
999630
976318
759988
671779
634324
692790
394395
6326
502883
57617
860572
851914
126111
750958
325234
840167
413095
111798
770427
642199
39187
457494
742345
22007
259304
940445
674755
238089
5092
823854
386466
40375
977654
916046
944869
96754
320845
468265
798487
853690
120257
98258
44682
23408
564975
424605
860256
613454
393047
243370
549665
430449
334090
915418
185384
728637
328164
394786
900965
496208
858727
542073
951973
916626
918494
320766
319929
550446
566575
288647
571966
488624
507381
2563
776187
892431
122121
394528
411578
513453
900578
478894
237123
871047
589203
80412
681423
15790
678825
391367
184427
199649
404793
430953
269074
358672
628334
460169
75091
37410
686350
713512
152248
628808
914596
135283
105839
640334
602271
51627
895340
337193
86288
359253
653033
21589
733334
275828
715448
180191
499914
570819
676885
379879
634395
916365
194105
574805
749152
791367
956838
219425
610114
15782
613667
826966
490486
583242
243622
982446
772801
469003
436483
902156
382563
760537
275441
495959
266715
338762
450580
523930
153172
97727
699887
677703
687277
989495
645335
267609
486990
220663
161792
859255
109698
386528
484983
288427
425110
690023
4084
848384
901912
213109
153908
996700
588536
678981
160109
170368
180851
437768
635978
867880
206644
67295
962861
569787
989861
982661
510283
181824
434428
944434
621549
790709
755574
998465
992614
709103
681903
83322
710752
475544
147424
757954
520359
851568
978578
244617
168966
237644
805687
547894
138852
245772
900735
195289
944643
208884
741782
607614
813575
660947
764501
92888
905453
170812
545701
662001
246868
694879
419432
523403
708928
391394
980427
626688
893465
941541
805287
935413
663576
734075
495679
916249
30
546818
667225
896756
640239
685352
806515
982308
123495
122944
440508
348702
98707
595665
784792
169886
296581
88611
12882
404719
298876
637177
427875
598813
138755
796529
229232
318858
831994
277553
41758
877987
59288
251765
818345
317469
422466
678754
817279
167885
641230
476522
509114
299649
240281
812484
16450
67268
77597
72132
780346
866671
414932
892427
665631
67887
765661
758065
141828
739456
841299
841088
787482
171461
448440
251754
880285
101162
438883
221254
99779
842823
728291
723636
210086
149844
4341
547116
531401
636276
256809
177345
664891
374692
416296
969845
175011
222907
527217
186354
243856
256126
970230
913206
484859
664953
95351
462640
847039
330173
702471
492114
100219
271978
937394
494610
111113
115871
934857
899128
536997
178724
682548
780415
180518
363607
653332
469036
943896
651995
233405
192886
669561
629461
312575
22364
341637
640952
94942
283533
788347
22645
982614
30109
177557
702897
703587
283178
178654
967319
490907
389022
778088
220885
38888
930017
101486
982762
9452
473989
626899
375494
442350
426720
667430
787940
364000
499682
65868
566580
498754
232400
517009
301703
986836
529414
697417
8316
493721
116583
940392
235560
251992
51694
23387
154578
617816
381490
331607
402986
930213
527310
645441
425063
745783
493035
208446
469434
589788
91300
828719
852338
952692
540441
652190
578558
190725
25459
270329
698256
225905
334625
322357
43961
14048
459958
394495
174092
315696
270717
422705
46456
8707
410950
303565
995898
263869
195365
783974
466133
648481
486525
555804
311158
847841
65662
145248
190733
504489
321440
110566
141446
514801
335206
822163
31790
769529
306799
378955
51763
123787
920012
42813
505430
129698
592384
724038
740193
369661
607339
389094
917282
118209
760587
387402
387278
261208
566456
374852
170294
858978
205267
589932
35169
494339
839423
236092
585926
208030
70182
313017
351596
168933
157157
428823
98025
498358
256578
768428
16847
886756
896611
115788
677600
891318
918623
111328
307999
838846
379346
732712
422626
45421
752367
728924
971459
553054
604374
153175
336046
247968
401378
167748
593662
18071
993413
464220
819
75064
743805
445388
358665
799183
997339
887959
927513
399853
645161
285331
929395
615999
344509
685621
434771
989023
188428
572643
770524
697860
679126
383903
892331
348910
296063
997877
933374
711819
194683
623153
72218
481213
212823
947972
244271
188953
827557
284422
579638
421082
973196
95958
479047
146484
535282
790513
7657
583761
685384
806956
512331
584762
838505
874074
292044
205705
978858
651480
112710
482275
834521
795713
571226
86977
969071
288358
6182
31627
207178
847544
18429
344044
165181
675367
475779
901187
968306
469708
551319
701838
219618
649564
712193
187115
70306
518667
818671
453976
804616
294048
955011
317575
329207
988738
595614
378064
720461
173339
360412
703042
111801
233757
250426
402256
705211
818843
272172
629169
913997
234891
162336
360981
780505
517112
957123
6806
301123
38403
640429
132890
646864
954535
636889
497572
157721
985695
798339
844550
284135
460416
149059
266061
268345
687479
887821
895339
312108
322651
44246
370932
318141
763471
772012
418076
654407
203583
418341
331204
371518
767502
545966
248925
717702
229111
819960
403197
345368
577220
144866
421265
364994
274482
377038
417048
980290
193350
35723
229355
396978
862926
51407
10257
78854
820032
385335
605643
468503
824118
546497
520209
384090
968616
231046
742271
610150
359219
449060
597657
451688
477804
557408
836860
676799
57062
345023
392686
724139
763021
338182
58011
122943
324371
934448
879270
70437
306371
685350
57535
739900
776785
787231
261484
826600
374073
790244
937692
780437
430453
799633
802239
203285
934529
898114
282345
435896
934534
569536
365417
819263
40000
203015
469518
991387
102782
403715
450934
376885
603989
948439
937276
919109
538441
546346
571803
600684
635350
307094
413468
293316
243607
93171
468810
353425
991396
302267
958874
536989
403652
969733
270439
443656
139704
384254
62563
406103
821253
403372
996578
847534
89512
729605
29508
249905
522376
857339
916938
990757
394226
299082
510291
689532
325779
678838
305353
287228
559757
739632
666677
365733
615138
82121
739078
941824
562958
728689
207075
444071
912792
652484
621325
714055
527458
977068
484792
424704
838225
541899
124800
245767
793392
981940
131600
40432
227095
8191
4260
116469
16096
718121
710405
440628
212025
976108
976255
456720
501121
645691
352849
510518
917153
270168
451541
572077
21786
819903
888101
933493
920987
901808
332270
399873
123139
375361
11864
579914
987566
362791
520002
266825
70956
603852
970674
292219
142542
49853
882937
881127
547009
988767
446567
343709
359310
491187
730063
656647
324488
249386
455591
58812
872011
533997
112978
55140
720602
452143
155144
613725
794255
404813
445990
761320
585942
816111
493467
135279
18790
748130
806047
413949
563749
326181
961656
883006
703277
586125
21958
80729
37008
843187
600499
423415
903966
621875
726447
703170
277350
374361
920870
629018
99026
149918
497676
700352
450446
564049
640596
593149
300231
82007
82459
896510
882697
72889
426801
821571
245957
529524
976331
650073
664055
175978
455576
485404
677569
395289
549348
402985
18296
823371
253069
235620
519944
769180
256313
623879
127881
954961
524708
390283
830866
200074
724664
145233
408493
585067
908750
840784
167316
972177
212545
776294
28895
58697
901669
319844
605454
375874
6316
927442
278059
969289
154393
411616
551910
453153
374418
22027
311100
123185
205564
638174
61099
149348
162686
326
216207
581936
166187
416941
197074
865539
8422
80931
617059
989187
337900
892344
581802
237031
504150
820072
864670
135417
930938
624474
941830
350037
315152
665107
768882
206781
348207
948236
37677
65152
542679
101427
109116
509330
694441
371443
151547
190201
620296
453735
127463
104975
286333
434984
445333
731803
140590
452696
334226
173374
291310
930232
941632
755903
648664
768943
569583
250691
296756
483783
646290
510529
462159
611884
431797
606766
857661
272198
507362
437809
891025
990201
166245
162045
772950
66973
560705
929380
314172
863862
996263
903419
914559
446162
698860
124343
882802
351275
949875
806694
371921
831063
542140
234803
386337
468428
375074
179610
439007
28128
998124
987828
506767
522836
346369
560737
768234
593096
540382
801917
140779
388901
253754
445393
89546
221235
171405
768119
877528
465473
980441
127367
382730
212087
459949
475850
485246
870417
122444
681621
363063
528871
438047
658178
871528
448257
545902
251826
405561
986125
770185
614851
611972
434082
205705
729627
881135
641198
232709
258734
40905
82927
737626
387567
308077
447382
28210
102038
820594
207314
449168
613488
561943
243445
237178
860485
39948
891482
889776
173538
786287
577470
259079
274646
888619
551593
691744
634329
141959
735837
825460
61413
706978
310824
894709
256032
577693
455749
765522
886980
477043
363277
558713
535586
144907
13331
658545
579678
105704
824408
703253
330884
212935
56385
263828
640519
532776
298419
997157
277863
832632
591902
374549
482710
347605
629253
724313
133174
86155
709244
346914
284712
760563
556497
723039
783375
618218
427580
53936
498778
528013
97072
639599
310402
225994
846127
105672
175207
316529
939955
302807
976409
889936
937360
162393
317341
98187
591044
474767
547151
118376
878948
882049
456734
840300
361457
223786
720128
627940
119014
951539
219151
883102
653346
788459
214128
213707
962132
479537
989919
766318
204889
574050
627695
984319
987991
504454
994881
742228
118934
659755
14596
593308
148594
536194
815448
775197
631314
363067
651178
327680
462990
499191
894184
987957
717236
650319
968697
325
672669
853047
701331
94817
726540
378171
172708
844175
819970
912372
431630
115827
933908
975203
248448
87029
667482
824191
368680
772066
577685
50851
491215
325245
177935
211487
62808
793969
293010
472296
943476
863714
637590
96854
23582
271851
893288
300175
62309
465363
392273
504442
56754
415532
263834
68127
65682
3201
80452
485025
268395
175566
703802
862258
480199
744637
40501
353200
581969
789647
996527
337583
977230
118446
434175
798374
996238
366342
65182
15852
745382
76061
128795
775844
430751
163526
589426
817023
66130
335259
74056
235281
851045
340221
197621
222037
137067
76149
845244
909881
557096
892328
26308
200668
839122
699765
230562
808974
357014
534643
23773
194282
602494
139662
782380
433256
571355
115388
110052
139447
196042
366643
932318
955428
591747
442283
236384
792277
695524
37895
862650
266732
309131
768605
852804
382868
185903
90457
452062
229339
881547
559767
354995
265622
435987
744027
760363
410164
777182
399845
506944
487513
359980
59878
233862
676892
747551
711073
629655
661755
109961
705114
452560
473846
783034
837807
636115
688047
149016
434632
883841
421829
399038
791410
74269
51026
705966
905707
519226
382681
378475
600801
443267
131807
232649
223032
523908
946317
81608
35376
543112
278664
210751
362213
4811
224502
953061
996212
703519
301765
898168
367402
54611
636470
920890
252114
752187
756051
689844
816387
372235
766623
241968
595569
4356
969796
192600
76653
35035
620135
249910
340699
338423
680769
629973
313314
86641
748194
741521
663207
916845
926225
299414
574669
672641
892096
73586
455223
875061
493924
529705
403306
858491
616041
171587
261636
360836
276591
468073
723132
321427
268247
450700
920089
67395
254454
375752
711834
909310
316348
436430
752594
875870
5979
873326
676974
986148
126071
199046
6331
325626
165831
48395
637258
865762
306765
315847
292784
528920
357851
853687
920359
143924
625240
926026
982079
777877
761234
510908
454024
188711
204743
123733
445750
379435
769049
213567
479648
385993
185577
632133
262896
287156
3655
396853
848197
414294
9044
187378
775590
571261
953454
402081
166519
173970
645602
201843
879738
808650
156834
350054
670013
255891
211565
524868
334444
135395
888929
18590
523801
255233
86566
26636
523323
432737
678245
318129
888588
960788
411614
857776
478480
990847
653349
715964
402911
684457
424818
156410
711912
146583
924205
771013
75566
405897
564457
963495
288857
674374
746199
717490
69864
619630
172206
449073
881505
389620
542218
469970
462536
116651
481732
514717
416776
453816
606862
33254
806685
265249
576809
356508
851814
973479
674387
210997
502396
573012
344626
29378
201488
65041
691287
429627
867487
641150
752751
214916
472124
984104
425378
15542
199372
471446
595635
900350
362714
234699
314117
21259
653687
936993
477362
914249
260075
970684
927768
650325
13757
424505
972919
934107
261840
739922
145828
977575
441604
493397
733146
827826
808330
596319
15053
52697
885426
452721
755820
231302
616418
863784
74197
771103
352659
380657
722306
220574
355256
194374
573802
19045
672476
347676
133141
858125
548298
287348
836932
711323
466093
246986
684618
511388
542047
773215
55862
953767
629758
193290
414776
909910
882361
701049
40796
88059
935590
757981
458485
676645
482349
612787
316707
120516
496304
674073
457032
237761
429610
849498
389040
349472
531210
373066
550849
822355
28512
107038
473602
393552
265013
912466
92407
899609
411397
218011
558316
363864
897555
942860
464926
526120
609441
626390
376344
346000
420142
372065
396950
483910
572149
240799
62331
512718
93718
485003
401033
584845
374723
700422
461394
60482
886696
706474
395671
149495
922061
80553
736379
107674
985714
776753
302100
150625
920293
380963
870156
146312
255581
385825
704489
188732
192530
902878
508005
861575
984849
84454
439888
665262
288255
43221
227369
689188
802020
908733
719923
678418
452970
778007
326048
396758
134401
597435
517197
561570
442054
171739
497011
897945
373094
282449
175776
536845
165327
935342
406735
909513
816873
780785
571156
215204
464928
642187
483037
99641
