378740
997338
99400
855043
452917
512462
355775
662939
70032
980645
421662
825593
84286
219847
397505
600856
845946
191629
242588
506819
418028
656813
393031
593367
518837
161880
68263
652894
671238
365688
316886
81685
913472
383208
116389
120607
835764
675507
194983
871478
264529
720158
20739
956448
74775
600645
281741
93016
39430
547492
474669
565402
938642
977269
777264
369303
145785
39372
988501
732744
365785
930483
143858
129816
417743
704378
132643
22712
897328
830930
565305
806361
186999
167744
203767
234083
680379
502879
394658
269129
257881
105035
377135
966856
644548
486308
421854
980926
426934
414662
922862
61125
683496
122752
638542
37952
318354
651243
431383
471472
